((("endif" .
   [0 0 0 1 0])
  ("__SL_OBJECT_H__" .
   [0 0 1 0 0 0 0 0 0 0 0 0 0 0 0])
  ("define" .
   [0 0 0 1 0 0])
  ("__SL_LIST_H__" .
   [0 0 0 1 0 0 0 0 0 0 0 0 0])
  ("ifndef" .
   [1 0 0 0 0 0])
  ("add-to-list" .
   [0 0 0 1 0 0 0 0 0 0 0])
  ("SL_EXTERN_C_END" .
   [0 0 2 0 0 0 0 0 0 0 0 0 0 0 0])
  ("SL_EXTERN_C_BEGIN" .
   [0 0 0 0 0 0 0 0 0 0 0 0 0 1 0 0 0])
  ("typedef" .
   [0 0 2 0 0 1 0])
  ("struct" .
   [0 0 0 0 0 1])
  ("void" .
   [7 0 0 0])
  ("int" .
   [1 0 0])
  ("const" .
   [1 0 0 0 0])
  ("object" .
   [2 0 0 0 0 0])))
